PROBA-1                 
1 26958U 01049B   18096.87592396 -.00008002  00000-0 -68404-3 0  9994
2 26958  97.6086  59.3771 0074767  65.4992 295.4023 14.95213271895402
BIRD 2                  
1 26959U 01049C   18096.85884003  .00001509  00000-0  46173-4 0  9995
2 26959  97.8291  66.0224 0010164  66.7904 293.4408 15.35579673911375
CUTE-1 (CO-55)          
1 27844U 03031E   18096.47482672  .00000042  00000-0  38813-4 0  9999
2 27844  98.6891 106.1828 0009109 213.3120 146.7485 14.22103846766000
CUBESAT XI-IV (CO-57)   
1 27848U 03031J   18096.48459624  .00000030  00000-0  33598-4 0  9997
2 27848  98.6978 106.5659 0008855 224.1687 135.8784 14.21709049765872
GENESIS 1               
1 29252U 06029A   18096.30776078  .00000399  00000-0  29993-4 0  9996
2 29252  64.5051  47.8150 0042660 300.4182  59.2728 15.17246005646295
FALCONSAT-3             
1 30776U 07006E   18096.82794797  .00002464  00000-0  74196-4 0  9990
2 30776  35.4372   0.9193 0001778 110.7453 249.3463 15.34197585613352
GENESIS 2               
1 31789U 07028A   18096.36353217  .00000394  00000-0  30409-4 0  9995
2 31789  64.5031  86.6587 0009570 309.5993  50.4283 15.16488601593366
APRIZESAT 4             
1 35684U 09041D   18096.32306221  .00000057  00000-0  15249-4 0  9990
2 35684  98.1667  47.3110 0046156 232.8385 281.7945 14.79118173468460
APRIZESAT 3             
1 35686U 09041F   18096.51425726  .00000057  00000-0  12900-4 0  9996
2 35686  98.2766 113.4734 0074005 139.8493 220.8223 14.87189782470739
PROBA-2                 
1 36037U 09059B   18096.57207257 -.00000022  00000-0  55580-5 0  9994
2 36037  98.2446 290.2553 0014056 148.4678 211.7364 14.53034189446640
APRIZESAT 5             
1 37792U 11044E   18096.66969298  .00000076  00000-0  19471-4 0  9996
2 37792  98.3764 254.2878 0058063 196.3026 163.6316 14.75224433357132
APRIZESAT 6             
1 37793U 11044F   18096.33652786  .00000074  00000-0  20243-4 0  9999
2 37793  98.3263 236.1442 0046174 224.1303 165.9604 14.72296784356253
TET-1                   
1 38710U 12039D   18096.59533460  .00002746  00000-0  55825-4 0  9991
2 38710  97.5850  70.3943 0001146 147.0527 213.0794 15.47265171319580
STSAT-2C                
1 39068U 13003A   18096.40073218  .00028734 -33559-6  20880-3 0  9999
2 39068  80.1897  85.9522 0281518 200.3465 158.6380 15.35426541277224
PROBA-V                 
1 39159U 13021A   18096.78691048 -.00000007  00000-0  15693-4 0  9997
2 39159  98.5628 170.4581 0003061 229.4390 130.6513 14.22957732255353
CUSAT 1                 
1 39266U 13055B   18096.86789037  .00004195  00000-0  11420-3 0  9992
2 39266  80.9861  61.8848 0652788  89.3168 278.2717 14.31680007233985
STPSAT-3                
1 39380U 13064A   18096.59467723  .00001099  00000-0  37178-4 0  9993
2 39380  40.5006 186.9728 0002717 150.3963 209.7005 15.35786617243231
APRIZESAT 7             
1 39416U 13066A   18096.05051627  .00000044  00000-0  11405-4 0  9992
2 39416  97.5927 137.7131 0041540  12.2631 347.9585 14.83789111236629
APRIZESAT 8             
1 39425U 13066K   18096.51094866  .00000043  00000-0  11872-4 0  9992
2 39425  97.5911 130.9074 0052661  27.5360 332.8625 14.81024709236314
BUGSAT-1 (TITA)         
1 40014U 14033E   18096.75561942  .00000071  00000-0  12044-4 0  9996
2 40014  97.9727  30.9440 0033297  72.8431 287.6444 14.95004972207062
SAUDISAT 4              
1 40016U 14033G   18096.13607068  .00000012  00000-0  90964-5 0  9993
2 40016  97.8252 339.6422 0049744  63.5996 297.0307 14.75176774204352
TABLETSAT-AURORA        
1 40017U 14033H   18096.83625549  .00000128  00000-0  17967-4 0  9994
2 40017  97.9545  25.2498 0025018  77.0020 283.3990 14.93051611206794
APRIZESAT 9             
1 40018U 14033J   18096.69946221  .00000017  00000-0  10676-4 0  9999
2 40018  97.8027 326.9480 0072965  91.2666 269.6901 14.69863717203605
APRIZESAT 10            
1 40019U 14033K   18096.65227304  .00000018  00000-0  11241-4 0  9990
2 40019  97.7960 319.9150 0085712 109.0425 252.0088 14.66930176203245
AISAT                   
1 40054U 14034B   18096.29749518  .00000429  00000-0  67885-4 0  9997
2 40054  98.1943 205.4772 0013176 180.0394 180.0817 14.77415943202991
CANX-4                  
1 40055U 14034C   18096.22826471  .00000093  00000-0  21803-4 0  9992
2 40055  98.1866 201.4674 0013847 201.1422 158.9215 14.74708189202748
CANX-5                  
1 40056U 14034D   18096.22989808  .00000105  00000-0  23701-4 0  9990
2 40056  98.1866 201.4649 0013851 201.3804 158.6827 14.74706201202730
TDS 1                   
1 40076U 14037H   18096.72965686  .00000024  00000-0  10488-4 0  9996
2 40076  98.3570 224.8436 0005177 199.1131 160.9904 14.81402940202483
TIANTUO 2               
1 40144U 14053B   18096.84654449  .00000620  00000-0  21365-4 0  9993
2 40144  97.2992 181.1625 0010252 306.8004 157.6203 15.33745081199996
TECHNOSAT               
1 42829U 17042E   18096.81488673  .00000267  00000-0  32586-4 0  9991
2 42829  97.6023   1.8343 0015813  78.0363 282.2627 14.90790831 39708
FLYING LAPTOP           
1 42831U 17042G   18096.20592554  .00000265  00000-0  32292-4 0  9993
2 42831  97.6026   1.2667 0015739  80.2163 280.0832 14.90818142 39606
